Fetch 		30040004 30080008 3010000c 
Dispatch	00000001 
ADD		38000014 38020000 
SUB		38400024 38420000 
NAND		38200034
 38220000
XOR		38600100 38620000
ADDI		38800054 38820000
0011 1000 1000 0000 0000 0000 1010 0100
0011 1000 1000 0010 0000 0000 0000 0000
LDADDR		39800064 39820000
0011 1001 1000 0000 0000 0000 0110 0100
0011 1001 1000 0010 0000 0000 0000 0000
LW		32850074 3a820000
0011 0010 1000 0101 0000 0000 0111 0100
0011 1010 1000 0011 0000 0000 0000 0000
LB		22850084 2a820000
0010 0010 1000 0101 0000 0000 1000 0100
0010 1010 1000 0010 0000 0000 0000 0000
SW		04850094 44830000
0000 0100 1000 0101 0000 0000 1001 0100
0100 0100 1000 0011 0000 0000 0000 0000
SB		008500a4 40820000
0000 0000 1000 0101 0000 0000 1010 0100
0100 0000 1000 0010 0000 0000 0000 0000
BEQ		300080b4 30028000
0011 0000 0000 0000 1000 0000 1011 0100
0011 0000 0000 0010 1000 0000 0000 0000
JALR		b10000c4 b9020000
1011 0001 0000 0000 0000 0000 1100 0100
1011 1001 0000 0010 0000 0000 0000 0000
LOAD		320500d4 3a030000
0011 0010 0000 0101 0000 0000 1101 0100
0011 1010 0000 0011 0000 0000 0000 0000

EI		00024000
0000 0000 0010 0000 0100 0000 0000 0000 //Set LdEnInt High = IE reg high = IE high. Next state 0
DI		00020800
0000 0000 0010 0000 0000 1000 0000 0000 
RTI		00024400
0000 0000 0010 0000 0100 0100 0000 0000 //loads IntR into PC, and enables interrupts.


Interrupt	08023804
0000 1000 0000 0010 0011 1000 0000 0100 //Store PC high, IntAck,Disable Int. Next state 1
